331 126
331 127
332 126
332 127
333 126
333 127
334 126
334 127
334 128
335 118
335 119
335 120
335 126
335 127
335 128
336 118
336 119
336 120
336 121
336 122
336 127
336 128
336 129
337 118
337 119
337 120
337 121
337 122
337 123
337 127
337 128
337 129
337 130
338 119
338 120
338 122
338 123
338 124
338 127
338 128
338 129
338 130
338 131
339 120
339 121
339 122
339 123
339 124
339 125
339 126
339 127
339 128
339 129
339 130
339 131
339 132
339 141
339 142
339 143
340 123
340 124
340 125
340 126
340 127
340 128
340 129
340 130
340 131
340 132
340 133
340 139
340 140
340 141
340 142
340 143
340 144
340 145
341 123
341 124
341 125
341 126
341 127
341 128
341 129
341 130
341 131
341 132
341 133
341 134
341 135
341 136
341 137
341 138
341 139
341 140
341 141
341 142
341 143
341 144
341 145
342 124
342 125
342 126
342 127
342 129
342 130
342 131
342 132
342 133
342 134
342 135
342 136
342 137
342 138
342 139
342 140
342 141
342 142
342 143
342 144
342 145
343 125
343 126
343 127
343 128
343 131
343 132
343 133
343 134
343 135
343 136
343 137
343 138
343 139
343 140
343 141
343 142
343 143
343 144
343 145
344 126
344 127
344 128
344 129
344 133
344 134
344 135
344 136
344 137
344 138
344 139
344 140
344 141
344 142
344 143
344 144
344 145
345 126
345 127
345 128
345 129
345 130
345 131
345 135
345 136
345 137
345 138
345 139
345 140
345 141
345 142
345 143
345 144
345 145
346 127
346 128
346 129
346 130
346 131
346 132
346 133
346 137
346 138
346 139
346 140
346 141
346 142
346 143
346 144
346 145
347 128
347 130
347 131
347 132
347 133
347 134
347 135
347 139
347 140
347 141
347 142
347 143
347 144
347 145
348 129
348 131
348 132
348 133
348 134
348 135
348 136
348 137
348 139
348 140
348 141
348 142
348 143
348 144
349 129
349 130
349 132
349 133
349 134
349 135
349 136
349 137
349 138
349 139
349 140
349 141
349 142
349 143
349 144
350 121
350 122
350 130
350 132
350 133
350 135
350 136
350 137
350 138
350 139
350 140
350 141
350 142
350 143
351 123
351 124
351 130
351 131
351 133
351 134
351 136
351 137
351 138
351 139
351 140
351 141
351 142
352 124
352 125
352 131
352 134
352 135
352 137
352 138
352 139
352 140
352 141
353 125
353 126
353 127
353 132
353 135
353 136
353 137
353 138
353 139
354 127
354 128
354 129
354 132
354 133
