308 205
308 209
309 205
309 208
309 209
309 210
310 205
310 206
310 207
310 208
310 209
310 210
311 204
311 205
311 206
311 207
311 208
311 209
311 210
312 204
312 205
312 206
312 207
312 208
312 209
312 210
313 204
313 205
313 206
313 207
313 208
313 209
313 210
313 211
314 205
314 206
314 207
314 208
314 209
314 210
314 211
315 205
315 206
315 207
315 208
315 209
315 210
315 211
316 205
316 206
316 207
316 208
316 209
316 210
316 211
317 205
317 206
317 207
317 208
317 209
317 210
318 206
318 207
318 208
318 209
