171 396
171 397
171 398
171 399
171 400
171 405
172 395
172 396
172 397
172 398
172 399
172 400
172 401
173 394
173 395
173 396
173 397
173 398
173 399
173 400
173 401
173 402
174 394
174 395
174 396
174 397
174 398
174 399
174 400
174 401
174 402
175 394
175 395
175 396
175 397
175 398
175 399
175 400
175 401
175 402
175 403
176 396
176 397
176 398
176 399
176 400
176 401
176 402
176 403
177 397
177 398
177 399
177 400
177 401
177 402
177 403
178 399
178 400
178 401
178 402
178 403
179 396
179 397
179 399
179 400
179 401
179 402
179 403
180 400
180 401
180 402
180 403
181 402
181 403
