508 356
508 357
508 358
508 359
508 360
508 361
509 356
509 357
509 358
509 359
509 360
509 361
509 362
509 363
510 357
510 358
510 359
510 360
510 361
510 362
510 363
510 364
511 357
511 358
511 359
511 360
511 361
511 362
511 363
511 364
512 357
512 358
512 359
512 360
512 361
512 362
512 363
513 357
513 358
513 359
513 360
513 361
513 362
513 363
514 357
514 358
514 359
514 360
514 361
514 362
514 363
515 357
515 358
515 359
515 360
515 361
515 362
515 363
515 364
516 357
516 358
516 359
516 360
516 361
516 362
516 363
516 364
517 357
517 358
517 359
517 361
517 362
517 363
518 358
518 362
