334 381
335 381
335 382
335 383
336 381
336 382
336 383
336 389
336 390
337 381
337 382
337 383
337 390
337 391
338 381
338 382
338 383
338 390
338 391
338 392
338 393
339 381
339 382
339 383
339 384
339 385
339 390
339 391
339 392
339 393
339 394
340 381
340 382
340 383
340 384
340 385
340 390
340 391
340 392
340 393
340 394
340 395
341 381
341 382
341 383
341 384
341 385
341 391
341 392
341 393
341 394
341 395
341 396
342 381
342 382
342 383
342 384
342 385
342 391
342 392
342 393
342 394
342 396
342 397
343 382
343 383
343 384
343 385
343 386
343 387
343 389
343 390
343 391
343 392
343 393
343 394
343 397
343 398
344 382
344 383
344 384
344 385
344 386
344 387
344 388
344 389
344 390
344 391
344 392
344 393
344 394
344 395
344 396
344 398
344 399
345 383
345 384
345 385
345 386
345 387
345 388
345 389
345 390
345 391
345 392
345 393
345 394
345 395
345 396
345 397
345 398
345 399
346 384
346 385
346 386
346 387
346 388
346 389
346 390
346 391
346 392
346 393
346 394
346 395
346 396
346 397
346 398
347 385
347 386
347 387
347 388
347 389
347 390
347 391
347 392
347 393
347 394
347 395
347 396
348 387
348 388
348 389
348 390
348 391
348 392
348 393
348 394
348 395
