111 336
111 337
112 336
112 337
113 334
113 335
113 336
113 337
114 334
114 335
114 336
114 337
114 338
115 335
115 336
115 337
115 338
116 335
116 336
116 337
116 338
508 356
508 357
508 358
508 359
508 360
508 361
509 356
509 357
509 358
509 359
509 360
509 361
509 362
509 363
510 357
510 358
510 359
510 360
510 361
510 362
510 363
510 364
511 357
511 358
511 359
511 360
511 361
511 362
511 363
511 364
512 357
512 358
512 359
512 360
512 361
512 362
512 363
513 357
513 358
513 359
513 360
513 361
513 362
513 363
514 357
514 358
514 359
514 360
514 361
514 362
514 363
515 357
515 358
515 359
515 360
515 361
515 362
515 363
515 364
516 357
516 358
516 359
516 360
516 361
516 362
516 363
516 364
517 357
517 358
517 359
517 361
517 362
517 363
518 358
518 362
331 126
331 127
332 126
332 127
333 126
333 127
334 126
334 127
334 128
335 118
335 119
335 120
335 126
335 127
335 128
336 118
336 119
336 120
336 121
336 122
336 127
336 128
336 129
337 118
337 119
337 120
337 121
337 122
337 123
337 127
337 128
337 129
337 130
338 119
338 120
338 122
338 123
338 124
338 127
338 128
338 129
338 130
338 131
339 120
339 121
339 122
339 123
339 124
339 125
339 126
339 127
339 128
339 129
339 130
339 131
339 132
339 141
339 142
339 143
340 123
340 124
340 125
340 126
340 127
340 128
340 129
340 130
340 131
340 132
340 133
340 139
340 140
340 141
340 142
340 143
340 144
340 145
341 123
341 124
341 125
341 126
341 127
341 128
341 129
341 130
341 131
341 132
341 133
341 134
341 135
341 136
341 137
341 138
341 139
341 140
341 141
341 142
341 143
341 144
341 145
342 124
342 125
342 126
342 127
342 129
342 130
342 131
342 132
342 133
342 134
342 135
342 136
342 137
342 138
342 139
342 140
342 141
342 142
342 143
342 144
342 145
343 125
343 126
343 127
343 128
343 131
343 132
343 133
343 134
343 135
343 136
343 137
343 138
343 139
343 140
343 141
343 142
343 143
343 144
343 145
344 126
344 127
344 128
344 129
344 133
344 134
344 135
344 136
344 137
344 138
344 139
344 140
344 141
344 142
344 143
344 144
344 145
345 126
345 127
345 128
345 129
345 130
345 131
345 135
345 136
345 137
345 138
345 139
345 140
345 141
345 142
345 143
345 144
345 145
346 127
346 128
346 129
346 130
346 131
346 132
346 133
346 137
346 138
346 139
346 140
346 141
346 142
346 143
346 144
346 145
347 128
347 130
347 131
347 132
347 133
347 134
347 135
347 139
347 140
347 141
347 142
347 143
347 144
347 145
348 129
348 131
348 132
348 133
348 134
348 135
348 136
348 137
348 139
348 140
348 141
348 142
348 143
348 144
349 129
349 130
349 132
349 133
349 134
349 135
349 136
349 137
349 138
349 139
349 140
349 141
349 142
349 143
349 144
350 121
350 122
350 130
350 132
350 133
350 135
350 136
350 137
350 138
350 139
350 140
350 141
350 142
350 143
351 123
351 124
351 130
351 131
351 133
351 134
351 136
351 137
351 138
351 139
351 140
351 141
351 142
352 124
352 125
352 131
352 134
352 135
352 137
352 138
352 139
352 140
352 141
353 125
353 126
353 127
353 132
353 135
353 136
353 137
353 138
353 139
354 127
354 128
354 129
354 132
354 133
551 219
551 220
552 218
552 219
552 220
553 218
553 219
554 217
554 218
554 219
555 216
555 217
555 218
556 216
556 217
556 218
557 215
557 216
557 217
558 216
551 219
551 220
552 218
552 219
552 220
553 218
553 219
554 217
554 218
554 219
555 216
555 217
555 218
556 216
556 217
556 218
557 215
557 216
557 217
558 216
551 219
551 220
552 218
552 219
552 220
553 218
553 219
554 217
554 218
554 219
555 216
555 217
555 218
556 216
556 217
556 218
557 215
557 216
557 217
558 216
308 205
308 209
309 205
309 208
309 209
309 210
310 205
310 206
310 207
310 208
310 209
310 210
311 204
311 205
311 206
311 207
311 208
311 209
311 210
312 204
312 205
312 206
312 207
312 208
312 209
312 210
313 204
313 205
313 206
313 207
313 208
313 209
313 210
313 211
314 205
314 206
314 207
314 208
314 209
314 210
314 211
315 205
315 206
315 207
315 208
315 209
315 210
315 211
316 205
316 206
316 207
316 208
316 209
316 210
316 211
317 205
317 206
317 207
317 208
317 209
317 210
318 206
318 207
318 208
318 209
111 336
111 337
112 336
112 337
113 334
113 335
113 336
113 337
114 334
114 335
114 336
114 337
114 338
115 335
115 336
115 337
115 338
334 381
335 381
335 382
335 383
336 381
336 382
336 383
336 389
336 390
337 381
337 382
337 383
337 390
337 391
338 381
338 382
338 383
338 390
338 391
338 392
338 393
339 381
339 382
339 383
339 384
339 385
339 390
339 391
339 392
339 393
339 394
340 381
340 382
340 383
340 384
340 385
340 390
340 391
340 392
340 393
340 394
340 395
341 381
341 382
341 383
341 384
341 385
341 391
341 392
341 393
341 394
341 395
341 396
342 381
342 382
342 383
342 384
342 385
342 391
342 392
342 393
342 394
342 396
342 397
343 382
343 383
343 384
343 385
343 386
343 387
343 389
343 390
343 391
343 392
343 393
343 394
343 397
343 398
344 382
344 383
344 384
344 385
344 386
344 387
344 388
344 389
344 390
344 391
344 392
344 393
344 394
344 395
344 396
344 398
344 399
345 383
345 384
345 385
345 386
345 387
345 388
345 389
345 390
345 391
345 392
345 393
345 394
345 395
345 396
345 397
345 398
345 399
346 384
346 385
346 386
346 387
346 388
346 389
346 390
346 391
346 392
346 393
346 394
346 395
346 396
346 397
346 398
347 385
347 386
347 387
347 388
347 389
347 390
347 391
347 392
347 393
347 394
347 395
347 396
348 387
348 388
348 389
348 390
348 391
348 392
348 393
348 394
348 395
171 396
171 397
171 398
171 399
171 400
171 405
172 395
172 396
172 397
172 398
172 399
172 400
172 401
173 394
173 395
173 396
173 397
173 398
173 399
173 400
173 401
173 402
174 394
174 395
174 396
174 397
174 398
174 399
174 400
174 401
174 402
175 394
175 395
175 396
175 397
175 398
175 399
175 400
175 401
175 402
175 403
176 396
176 397
176 398
176 399
176 400
176 401
176 402
176 403
177 397
177 398
177 399
177 400
177 401
177 402
177 403
178 399
178 400
178 401
178 402
178 403
179 396
179 397
179 399
179 400
179 401
179 402
179 403
180 400
180 401
180 402
180 403
181 402
181 403
