331 126
331 127
332 126
332 127
333 126
333 127
334 126
334 127
334 128
335 118
335 119
335 120
335 126
335 127
335 128
336 118
336 119
336 120
336 121
336 122
336 127
336 128
336 129
337 118
337 119
337 120
337 121
337 122
337 123
337 127
337 128
337 129
337 130
338 119
338 120
338 122
338 123
338 124
338 127
338 128
334 381
335 381
335 382
335 383
336 381
336 382
336 383
336 389
336 390
337 381
337 382
337 383
337 390
337 391
338 381
338 382
338 383
338 390
338 391
338 392
338 393
339 381
339 382
339 383
339 384
339 385
339 390
339 391
339 392
339 393
339 394
340 381
340 382
340 383
340 384
340 385
340 390
340 391
340 392
340 393
508 356
508 357
508 358
508 359
508 360
508 361
509 356
509 357
509 358
509 359
509 360
509 361
509 362
509 363
510 357
510 358
510 359
510 360
510 361
510 362
510 363
510 364
511 357
511 358
511 359
511 360
511 361
511 362
511 363
511 364
512 357
512 358
512 359
512 360
512 361
512 362
512 363
513 357
513 358
513 359
551 219
551 220
552 218
552 219
552 220
553 218
553 219
554 217
554 218
554 219
555 216
555 217
555 218
556 216
556 217
556 218
557 215
557 216
557 217
558 216
551 219
551 220
552 218
552 219
552 220
553 218
553 219
554 217
554 218
554 219
555 216
555 217
555 218
556 216
556 217
556 218
557 215
557 216
557 217
558 216